1.000000000000000000e+02 5.991058122205663583e-01 6.429136975455265191e-01 6.952054794520547976e-01 6.680378445084327321e-01
2.000000000000000000e+02 5.871833084947839509e-01 5.849722642460918332e-01 9.931506849315068219e-01 7.362741986670897631e-01
3.000000000000000000e+02 6.343765524093393227e-01 7.358078602620087283e-01 5.770547945205479756e-01 6.468330134357006544e-01
4.000000000000000000e+02 6.358668653750620958e-01 6.177585273416350553e-01 9.768835616438356073e-01 7.568822553897180949e-01
5.000000000000000000e+02 7.004470938897168208e-01 6.928327645051194361e-01 8.690068493150684414e-01 7.709836688188378417e-01
6.000000000000000000e+02 6.964729259811226481e-01 6.843150231634679281e-01 8.852739726027397671e-01 7.719298245614035769e-01
7.000000000000000000e+02 6.388474913065077532e-01 6.250709018718094701e-01 9.434931506849315586e-01 7.519617877857387445e-01
8.000000000000000000e+02 7.153502235469448856e-01 7.033492822966507241e-01 8.809931506849315586e-01 7.822120866590649424e-01
9.000000000000000000e+02 7.506209637357178499e-01 7.841296928327644578e-01 7.868150684931506378e-01 7.854700854700853441e-01
1.000000000000000000e+03 7.585692995529060845e-01 8.163265306122449161e-01 7.534246575342465890e-01 7.836153161175423154e-01
1.100000000000000000e+03 7.670144063586686878e-01 8.090185676392572800e-01 7.833904109589041598e-01 7.959982601130927149e-01
1.200000000000000000e+03 7.734724292101341492e-01 8.178571428571428381e-01 7.842465753424657793e-01 8.006993006993006201e-01
1.300000000000000000e+03 7.655240933929458036e-01 8.175182481751824826e-01 7.671232876712328341e-01 7.915194346289752270e-01
1.400000000000000000e+03 7.749627421758569223e-01 8.172138420585625118e-01 7.885273972602739878e-01 8.026143790849674664e-01
1.500000000000000000e+03 7.759562841530054378e-01 8.175376439326837996e-01 7.902397260273972268e-01 8.036569438397910270e-01
1.600000000000000000e+03 7.754595131644311801e-01 8.173758865248227368e-01 7.893835616438356073e-01 8.031358885017421123e-01
1.700000000000000000e+03 7.764530551415796955e-01 8.176991150442477485e-01 7.910958904109589573e-01 8.041775456919059151e-01
1.800000000000000000e+03 7.764530551415796955e-01 8.176991150442477485e-01 7.910958904109589573e-01 8.041775456919059151e-01
1.900000000000000000e+03 7.759562841530054378e-01 8.175376439326837996e-01 7.902397260273972268e-01 8.036569438397910270e-01
