2.000000000000000000e+01 2.657342657342657288e-01 8.064516129032257563e-01 2.016129032258064391e-01 3.225806451612902581e-01
4.000000000000000000e+01 8.321678321678321888e-01 8.968253968253968589e-01 9.112903225806451291e-01 9.039999999999999147e-01
6.000000000000000000e+01 7.797202797202796853e-01 9.039301310043668103e-01 8.346774193548387455e-01 8.679245283018868218e-01
8.000000000000000000e+01 8.006993006993007311e-01 9.244444444444444020e-01 8.387096774193548709e-01 8.794926004228330596e-01
1.000000000000000000e+02 7.937062937062937529e-01 9.655172413793103869e-01 7.903225806451612545e-01 8.691796008869180357e-01
1.200000000000000000e+02 7.972027972027971865e-01 9.611650485436893376e-01 7.983870967741935054e-01 8.722466960352421861e-01
1.400000000000000000e+02 7.972027972027971865e-01 9.611650485436893376e-01 7.983870967741935054e-01 8.722466960352421861e-01
1.600000000000000000e+02 7.972027972027971865e-01 9.611650485436893376e-01 7.983870967741935054e-01 8.722466960352421861e-01
1.800000000000000000e+02 7.972027972027971865e-01 9.611650485436893376e-01 7.983870967741935054e-01 8.722466960352421861e-01
2.000000000000000000e+02 7.972027972027971865e-01 9.611650485436893376e-01 7.983870967741935054e-01 8.722466960352421861e-01
2.200000000000000000e+02 7.972027972027971865e-01 9.611650485436893376e-01 7.983870967741935054e-01 8.722466960352421861e-01
