1.000000000000000000e+02 6.496277915632754363e-01 8.303370786516853785e-01 5.710973724884080838e-01 6.767399267399267782e-01
2.000000000000000000e+02 6.272952853598015022e-01 7.009622501850480969e-01 7.318392581143740028e-01 7.160680529300567088e-01
3.000000000000000000e+02 6.913151364764268392e-01 7.234042553191489811e-01 8.408037094281298751e-01 7.776983559685489711e-01
4.000000000000000000e+02 7.245657568238212942e-01 7.251675807434491139e-01 9.196290571870170405e-01 8.109028960817716847e-01
5.000000000000000000e+02 7.290322580645161032e-01 7.202591283863368776e-01 9.451313755795981431e-01 8.175133689839571005e-01
6.000000000000000000e+02 7.250620347394540754e-01 7.136258660508083551e-01 9.551777434312209714e-01 8.169200264375413578e-01
7.000000000000000000e+02 7.732009925558313013e-01 7.469026548672565990e-01 9.783616692426584383e-01 8.471060555369689382e-01
8.000000000000000000e+02 8.575682382133995585e-01 8.918287937743191174e-01 8.856259659969087927e-01 8.887165568049631981e-01
9.000000000000000000e+02 8.650124069478908329e-01 8.912710566615620333e-01 8.995363214837712729e-01 8.953846153846153344e-01
1.000000000000000000e+03 8.570719602977667773e-01 8.911353032659409257e-01 8.856259659969087927e-01 8.883720930232557045e-01
1.100000000000000000e+03 8.575682382133995585e-01 8.924395946999220675e-01 8.848531684698609512e-01 8.886301901435778028e-01
1.200000000000000000e+03 8.575682382133995585e-01 8.918287937743191174e-01 8.856259659969087927e-01 8.887165568049631981e-01
1.300000000000000000e+03 8.575682382133995585e-01 8.918287937743191174e-01 8.856259659969087927e-01 8.887165568049631981e-01
1.400000000000000000e+03 8.575682382133995585e-01 8.918287937743191174e-01 8.856259659969087927e-01 8.887165568049631981e-01
1.500000000000000000e+03 8.575682382133995585e-01 8.918287937743191174e-01 8.856259659969087927e-01 8.887165568049631981e-01
1.600000000000000000e+03 8.575682382133995585e-01 8.918287937743191174e-01 8.856259659969087927e-01 8.887165568049631981e-01
1.700000000000000000e+03 8.575682382133995585e-01 8.918287937743191174e-01 8.856259659969087927e-01 8.887165568049631981e-01
1.800000000000000000e+03 8.575682382133995585e-01 8.918287937743191174e-01 8.856259659969087927e-01 8.887165568049631981e-01
1.900000000000000000e+03 8.575682382133995585e-01 8.918287937743191174e-01 8.856259659969087927e-01 8.887165568049631981e-01
