0.000000000000000000e+00 5.883720930232557711e-01 5.883720930232557711e-01 1.000000000000000000e+00 7.408491947291361290e-01
1.000000000000000000e+01 3.697674418604651181e-01 4.042553191489361430e-01 1.501976284584980170e-01 2.190201729106628359e-01
2.000000000000000000e+01 9.116279069767442289e-01 1.000000000000000000e+00 8.498023715415019552e-01 9.188034188034187588e-01
3.000000000000000000e+01 9.116279069767442289e-01 1.000000000000000000e+00 8.498023715415019552e-01 9.188034188034187588e-01
4.000000000000000000e+01 9.116279069767442289e-01 1.000000000000000000e+00 8.498023715415019552e-01 9.188034188034187588e-01
5.000000000000000000e+01 9.116279069767442289e-01 1.000000000000000000e+00 8.498023715415019552e-01 9.188034188034187588e-01
6.000000000000000000e+01 9.116279069767442289e-01 1.000000000000000000e+00 8.498023715415019552e-01 9.188034188034187588e-01
7.000000000000000000e+01 9.116279069767442289e-01 1.000000000000000000e+00 8.498023715415019552e-01 9.188034188034187588e-01
8.000000000000000000e+01 9.116279069767442289e-01 1.000000000000000000e+00 8.498023715415019552e-01 9.188034188034187588e-01
9.000000000000000000e+01 9.116279069767442289e-01 1.000000000000000000e+00 8.498023715415019552e-01 9.188034188034187588e-01
1.000000000000000000e+02 9.116279069767442289e-01 1.000000000000000000e+00 8.498023715415019552e-01 9.188034188034187588e-01
1.100000000000000000e+02 9.116279069767442289e-01 1.000000000000000000e+00 8.498023715415019552e-01 9.188034188034187588e-01
1.200000000000000000e+02 9.116279069767442289e-01 1.000000000000000000e+00 8.498023715415019552e-01 9.188034188034187588e-01
1.300000000000000000e+02 9.116279069767442289e-01 1.000000000000000000e+00 8.498023715415019552e-01 9.188034188034187588e-01
1.400000000000000000e+02 9.116279069767442289e-01 1.000000000000000000e+00 8.498023715415019552e-01 9.188034188034187588e-01
1.500000000000000000e+02 9.116279069767442289e-01 1.000000000000000000e+00 8.498023715415019552e-01 9.188034188034187588e-01
1.600000000000000000e+02 9.116279069767442289e-01 1.000000000000000000e+00 8.498023715415019552e-01 9.188034188034187588e-01
1.700000000000000000e+02 9.116279069767442289e-01 1.000000000000000000e+00 8.498023715415019552e-01 9.188034188034187588e-01
1.800000000000000000e+02 9.116279069767442289e-01 1.000000000000000000e+00 8.498023715415019552e-01 9.188034188034187588e-01
1.900000000000000000e+02 9.116279069767442289e-01 1.000000000000000000e+00 8.498023715415019552e-01 9.188034188034187588e-01
