2.000000000000000000e+01 2.447552447552447663e-01 7.361111111111111605e-01 2.119999999999999940e-01 3.291925465838509424e-01
4.000000000000000000e+01 3.531468531468531236e-01 7.927927927927927998e-01 3.519999999999999796e-01 4.875346260387811714e-01
6.000000000000000000e+01 8.986013986013986488e-01 9.107806691449814585e-01 9.799999999999999822e-01 9.441233140655105327e-01
8.000000000000000000e+01 8.986013986013986488e-01 9.077490774907749360e-01 9.839999999999999858e-01 9.443378119001918369e-01
1.000000000000000000e+02 8.986013986013986488e-01 9.077490774907749360e-01 9.839999999999999858e-01 9.443378119001918369e-01
1.200000000000000000e+02 8.986013986013986488e-01 9.077490774907749360e-01 9.839999999999999858e-01 9.443378119001918369e-01
1.400000000000000000e+02 8.986013986013986488e-01 9.077490774907749360e-01 9.839999999999999858e-01 9.443378119001918369e-01
1.600000000000000000e+02 8.986013986013986488e-01 9.077490774907749360e-01 9.839999999999999858e-01 9.443378119001918369e-01
1.800000000000000000e+02 8.986013986013986488e-01 9.077490774907749360e-01 9.839999999999999858e-01 9.443378119001918369e-01
2.000000000000000000e+02 8.986013986013986488e-01 9.077490774907749360e-01 9.839999999999999858e-01 9.443378119001918369e-01
2.200000000000000000e+02 8.986013986013986488e-01 9.077490774907749360e-01 9.839999999999999858e-01 9.443378119001918369e-01
